00000001000000001000000000000000000000000000000000
00001000000000000000001000000000100000001000000000
00000000000000001011000000000000000000000000000010
00000000000100000000010000000000011000000000000000
00000000000000000100010110000000000000000000001000
00010000000100100010000000000000000000000000000000
00001000000010000000000000000000000000000000000000
00000010000000000000010010000000000000000000000010
00000000100000000000000000100000000100000001000000
00000000000000000000000010000000000000000000000100
00000100000000000000100000000000000000010000000000
00000010000000100000000000000000000001101100000000
00001001010000100000010000110000000000000100000000
00000000000000000010000000000000000000000000010000
00000001000010000100000100100000010001010100000000
00001000001000000000000011100001001000000000000000
01000001000000001000010000000001100100000000101000
00110000100001000000010010100000000000000000000000
00000000001000000000001000000000000000000101100000
00000101000100000000000000000000000001000000100000
00001010000000000000010001100100000000000000000000
01000000000010000000000000000001010000001000000000
00010010000100000000000001010010000000000000110000
00000000000000100000000000010001000001100000001101
00000000000000000000000000001100001000000000000000
00000000010000000000010100010010001000000000000001
00000000000000000000000000000000000000000000000000
00000000100000000000001110000010000100010010000000
00000001000000000000000000100001000000001100100000
00000110000000000000000100000000101000000010010001
00100000010000000000010001000010000001000000000001
01000000000000000000000011000000000000100000001000
00000100000000000010000000000000001000000001000000
00000000000000000000000000001000000000000000000000
00000000000000010010100010000001100001000011011000
00000000000000000000000000000000100000010000000000
10001000000000000100100110000000000000000000000000
00100100000000000001010100000000000000010000000000
00010000000000000001000000001000010000000000000000
00000000000000001000000000000001000000010000100000
00000000000000000000000110000000000000000000000000
00100000000000011000010000000000001000000000000000
00000000000000000000000010000001100100000000000000
00000000000000000010000000000000000000000001000100
00010000000000000000100000010000000000000001000000
00000000000000000000000000010001000000001000000000
00100000000000000000000000000010000100000000000000
00000000000000000000100110000000000000000001000010
00000000000000100000000000000000100000000010000000
01000000000000000000000000000000000010000000000010
Part 1: 240
